radiusq,beta,Cq,Skewsq,NACA1s,NACA2s
1.000000000000000056e-01,3.109990140942582570e+01,1.570000000000000007e-01,-1.073120057564703744e-01,0.000000000000000000e+00,0.000000000000000000e+00
1.499999999999999944e-01,3.156209822463445747e+01,1.690000000000000113e-01,1.027016834654761318e-01,0.000000000000000000e+00,0.000000000000000000e+00
2.000000000000000111e-01,2.939089598486618371e+01,1.809999999999999942e-01,3.294083513606513858e-01,0.000000000000000000e+00,0.000000000000000000e+00
2.500000000000000000e-01,2.978623228240146048e+01,1.829999999999999960e-01,5.531341302070357235e-01,0.000000000000000000e+00,0.000000000000000000e+00
2.999999999999999889e-01,2.892057318038238733e+01,1.829999999999999960e-01,7.929567099168907118e-01,0.000000000000000000e+00,0.000000000000000000e+00
3.499999999999999778e-01,2.751662215421654523e+01,1.819999999999999951e-01,1.056626402017072364e+00,0.000000000000000000e+00,0.000000000000000000e+00
4.000000000000000222e-01,2.619379654439766369e+01,1.799999999999999933e-01,1.320296094117254126e+00,0.000000000000000000e+00,0.000000000000000000e+00
4.500000000000000111e-01,2.494933803447000287e+01,1.759999999999999898e-01,1.100743559939176830e+00,0.000000000000000000e+00,0.000000000000000000e+00
5.000000000000000000e-01,2.371773839418586505e+01,1.729999999999999871e-01,8.674789361366618268e-01,0.000000000000000000e+00,0.000000000000000000e+00
5.500000000000000444e-01,2.246431127103601710e+01,1.700000000000000122e-01,6.729658699684276657e-01,0.000000000000000000e+00,0.000000000000000000e+00
5.999999999999999778e-01,2.123643506976342721e+01,1.670000000000000095e-01,4.784528038001935601e-01,0.000000000000000000e+00,0.000000000000000000e+00
6.500000000000000222e-01,1.999959426285100506e+01,1.620000000000000051e-01,3.119600946905933814e-01,0.000000000000000000e+00,0.000000000000000000e+00
6.999999999999999556e-01,1.866889984439614025e+01,1.559999999999999998e-01,1.484482746297840217e-01,0.000000000000000000e+00,0.000000000000000000e+00
7.500000000000000000e-01,1.737452274149414677e+01,1.499999999999999944e-01,2.821788861719714235e-03,0.000000000000000000e+00,0.000000000000000000e+00
8.000000000000000444e-01,1.619871097263794724e+01,1.419999999999999873e-01,-1.499588306234425905e-01,0.000000000000000000e+00,0.000000000000000000e+00
8.499999999999999778e-01,1.499541069990419295e+01,1.320000000000000062e-01,-2.854502936256179679e-01,0.000000000000000000e+00,0.000000000000000000e+00
9.000000000000000222e-01,1.373453122560519368e+01,1.170000000000000068e-01,-4.203455788180351926e-01,0.000000000000000000e+00,0.000000000000000000e+00
9.499999999999999556e-01,1.211672424779247592e+01,9.500000000000000111e-02,-5.474905524835962378e-01,0.000000000000000000e+00,0.000000000000000000e+00
1.000000000000000000e+00,1.047761553158800041e+01,7.299999999999999545e-02,-7.414074408420723294e-01,0.000000000000000000e+00,0.000000000000000000e+00
